Press enter to plot BEL20 stocks returns boxplot..
                        ACKB         AGS        ABI       BEFB        BEKB         COFB       COLR        DELB         DIE         GBLB
Min.            -16.35000000 -47.4100000 -51.040000 -8.7060000 -66.4900000 -20.98000000 -8.6510000 -12.1900000 -20.1300000 -11.15000000
1st Qu.          -0.68460000  -0.9590000  -0.791300 -0.6252000  -1.0240000  -0.51860000 -0.6414000  -0.8304000  -0.9527000  -0.62170000
Median            0.00119300   0.0003654   0.069480  0.0000000   0.0008582   0.00001455  0.0268300   0.0090280   0.0000000   0.01268000
Mean              0.08112000   0.0134300   0.073290  0.0152200   0.0331500   0.02063000  0.0651700   0.0754400   0.0586500   0.03905000
3rd Qu.           0.83200000   1.0070000   0.993900  0.6492000   1.1730000   0.55650000  0.7799000   0.9378000   1.0310000   0.75250000
Max.             18.27000000  46.8900000  16.670000 10.2200000  24.1500000  30.56000000 10.5300000  23.2300000  19.7500000  14.29000000
Skewness          0.03275244  -0.2527254  -4.603441  0.2246547  -5.1118752   2.07015017  0.1584899   0.9163155   0.2466354  -0.08252505
Excess Kurtosis  12.19199721  42.4137205 117.636573  5.8613797 145.3620311  75.72531978  5.0514556  10.9884455  10.1229888   8.59987019
                        KBC        SOLB         UCB         UMI
Min.            -38.2200000 -10.0600000 -14.8900000 -17.9200000
1st Qu.          -1.0290000  -0.7788000  -0.8807000  -0.8988000
Median            0.0113400   0.0554500   0.0217000   0.0141000
Mean              0.0772400   0.0392900   0.0580800   0.0768000
3rd Qu.           1.2500000   0.8768000   0.9206000   1.1540000
Max.             30.5300000  15.1600000  21.0800000  17.7300000
Skewness         -0.4986924   0.1222885   0.4873036  -0.1409841
Excess Kurtosis  18.9205212   6.1569960  10.5047673   8.1283161